package main;


public class distanceMatrices {

	private int[][] distanceMatrix = {
			{0,57,0,99,0,0,0,0,0,0,0,0,0,0,0,0,0,0},
			{57,0,17,60,0,0,0,0,0,0,0,0,0,0,0,0,0,0},
			{0,17,0,50,25,0,108,0,0,0,0,0,0,0,0,0,0,0},
			{99,60,50,0,28,152,0,0,0,0,0,0,0,0,0,0,0,0},
			{0,0,25,28,0,102,107,0,0,0,0,90,0,0,0,0,0,0},
			{0,0,0,152,102,0,0,0,0,0,0,108,96,0,0,0,0,0},
			{0,0,108,0,107,0,0,105,90,0,89,92,0,0,0,0,0,0},
			{0,0,0,0,0,0,105,0,102,45,0,0,0,0,0,0,0,0},
			{0,0,0,0,0,0,90,102,0,97,190,0,0,104,0,0,0,0},
			{0,0,0,0,0,0,0,45,97,0,0,96,0,105,0,0,0,0},
			{0,0,0,0,0,0,89,0,190,0,0,0,97,0,0,0,0,0},
			{0,0,0,0,90,108,92,0,0,96,0,0,0,187,0,0,0,0},
			{0,0,0,0,0,96,0,0,0,0,97,0,0,0,0,108,0,0},
			{0,0,0,0,0,0,0,0,104,105,0,187,0,0,0,0,0,0},
			{0,0,0,0,0,0,0,0,0,0,0,0,0,0,0,177,0,0},
			{0,0,0,0,0,0,0,0,0,0,0,0,108,0,177,0,152,0},
			{0,0,0,0,0,0,0,0,0,0,0,0,0,0,0,152,0,102},
			{0,0,0,0,0,0,0,0,0,0,0,0,0,0,0,0,102,0}
		  };

	public int[][] getdistanceMatrix() {
		return distanceMatrix;
	}
	
	
}